2 26 28 5 14 33 17 24 23 35 36 39 44 29 8 48 40 16 32 30 42 41 49 20 50 45 10 38 27 12 21 25 43 4 3 46 15 34 13 31 18 6 22 11 1 47 9 7 19 37
43 20 34 21 27 8 35 16 44 25 33 7 37 15 26 23 31 13 36 9 50 17 38 24 48 4 39 6 28 22 47 18 45 10 42 14 40 11 49 3 32 5 30 1 41 12 19 29 2 46
47 24 35 12 38 4 27 2 34 20 48 18 37 9 49 15 39 16 45 10 33 19 1 21 40 3 44 23 50 11 46 26 28 6 41 14 32 25 31 13 36 8 42 22 30 5 29 7 43 17
50 36 18 28 11 29 21 38 30 49 3 25 15 48 17 13 31 8 35 22 23 20 42 10 24 1 6 2 37 46 39 43 26 45 14 33 44 12 5 4 32 7 34 16 19 9 27 41 40 47
37 36 3 11 20 17 4 24 15 40 32 21 42 19 47 49 23 41 38 48 26 46 30 34 50 25 2 39 33 16 13 8 12 22 31 35 1 14 27 6 43 28 10 29 5 7 44 18 9 45
5 4 7 13 16 14 6 1 2 9 11 10 8 3 12 15
44 28 37 2 17 14 26 39 36 11 31 20 23 13 47 45 48 22 24 7 40 29 38 25 33 50 49 3 4 1 30 34 15 21 5 27 18 19 12 42 41 46 9 16 6 35 43 32 8 10
12 39 20 10 19 17 49 23 34 14 36 16 29 5 43 30 31 27 44 8 32 42 25 1 21 7 15 13 11 48 40 22 45 18 9 3 46 41 24 33 28 6 26 38 35 47 2 50 37 4
30 2 1 3 4 5 6 7 8 9 10 11 12 13 14 15 16 17 18 19 20 21 22 23 24 25 26 27 28 29
36 44 1 2 3 4 5 6 7 8 9 10 11 12 14 13 15 16 18 17 20 19 34 21 26 22 24 23 32 25 39 27 40 28 41 29 42 30 35 31 49 38 45 33 47 46 50 37 48 43
2 1 4 3 5 6 7 8
36 5 6 20 31 8 29 25 35 24 40 41 1 46 34 47 9 23 32 33 27 18 45 38 44 17 49 30 48 16 13 11 28 42 39 22 37 10 19 21 12 14 7 43 50 26 2 3 4 15
7 47 8 36 22 20 15 50 29 23 21 49 37 48 17 28 34 1 12 27 19 16 33 3 38 43 40 11 31 5 45 6 32 2 25 30 42 44 10 18 24 46 35 4 26 13 14 41 39 9
43 40 21 13 5 42 41 49 23 17 7 31 35 8 1 9 15 24 3 27 30 26 44 25 36 2 12 29 48 46 28 38 4 37 47 20 18 45 50 14 6 22 34 39 33 11 19 10 16 32
32 9 38 18 47 42 41 14 7 28 25 30 23 31 49 6 50 19 1 24 46 45 8 3 44 27 43 2 4 36 26 16 39 15 5 12 48 21 34 17 13 20 22 10 11 37 33 35 40 29
6 49 16 8 33 36 38 15 14 23 45 19 9 34 30 5 22 12 48 40 43 10 26 46 21 1 28 37 44 3 47 31 27 11 7 4 29 32 24 18 20 41 13 35 17 42 39 50 25 2
2 18 33 17 45 10 29 47 19 30 23 6 3 32 15 5 22 8 40 31 50 9 42 4 41 7 14 37 44 35 27 36 26 38 1 25 12 16 24 11 46 21 48 20 13 34 49 28 39 43
30 29 28 24 25 26 27 3 2 1 48 4 5 6 47 7 14 13 12 8 9 10 11 19 18 17 16 20 21 22 15 23 31 38 37 36 32 33 34 35 43 42 41 40 44 45 46 39
1 6 2 5 3 4
38 9 28 48 7 24 41 21 17 43 39 4 44 19 8 18 40 47 20 23 30 12 33 31 6 1 13 29 35 26 5 14 34 2 16 45 3 11 46 22 10 36 15 25 42 32 27 50 49 37
41 45 48 20 34 19 42 35 28 21 25 32 29 47 17 37 24 8 22 31 9 14 3 26 44 1 33 27 5 12 10 46 16 43 40 23 2 39 7 49 30 38 15 36 6 18 13 50 11 4
43 4 10 16 3 37 13 22 40 24 29 14 7 23 5 26 11 25 31 15 42 9 1 39 30 41 21 28 19 36 33 18 38 20 27 34 6 32 17 12 2 44 8 35
1 2 3 4 5 6 7 8 9 10 11 12 13 14 15 16 17 18 19 20 21 22 23 24 25 26 27 28 29 30 31 32 33 34 35 36 37 38 39 40 41 42 43 44 45 46 47 48 49 50
23 10 5 25 2 15 6 12 21 22 18 20 14 13 17 4 1 7 24 26 9 19 11 8 3 16
11 19 14 10 12 13 5 17 2 18 20 1 3 15 6 8 16 7 9 4
10 28 13 6 11 4 46 12 21 44 9 37 18 25 22 16 33 38 45 42 8 1 40 27 39 17 35 19 34 26 14 5 50 20 30 48 2 29 49 23 36 32 47 41 31 15 24 3 43 7
28 10 46 15 44 16 4 41 34 30 35 50 24 20 7 45 32 3 40 37 21 42 27 43 47 12 31 33 25 14 26 18 1 22 39 19 2 13 8 5 49 48 9 6 36 29 11 38 23 17
33 2 48 47 26 17 5 18 40 20 24 39 27 9 31 11 3 37 6 41 16 49 1 4 22 12 19 50 44 46 15 29 8 7 10 42 23 28 13 14 35 38 21 45 43 25 34 32 30 36
25 36 16 43 45 31 6 44 21 20 37 11 34 3 2 41 13 32 35 48 50 8 42 23 4 27 15 30 22 47 9 46 14 33 28 12 49 17 26 38 5 7 29 10 1 18 24 19 40 39
38 1 47 42 49 50 41 46 37 45 33 40 27 19 44 26 32 36 35 34 24 20 29 25 18 39 31 12 22 17 9 13 28 30 16 11 8 23 7 14 21 15 10 6 3 4 48 43 2 5
16 7 14 9 31 21 6 10 18 20 24 27 34 11 50 13 8 35 38 22 41 28 48 17 1 4 32 43 25 44 42 26 15 19 5 3 12 45 49 36 30 47 33 46 23 37 29 40 2 39
5 3 2 1 4 6 7 8 9 10 11 19 46 47 48 45 44 41 42 43 38 30 31 26 27 35 34 39 40 37 36 33 32 29 28 25 24 21 20 17 16 13 12 15 14 22 23 18
40 21 24 19 18 11 20 41 26 30 1 4 29 17 33 45 3 14 5 46 50 2 15 47 9 44 13 34 39 25 16 38 49 7 37 36 8 31 48 6 27 22 32 42 43 10 35 12 28 23
10 4 44 17 2 31 36 30 21 24 3 34 23 11 27 9 19 35 26 7 46 5 38 18 13 16 39 45 12 37 20 48 8 15 14 1 41 43 25 28 50 32 29 49 22 47 6 33 40 42
6 25 15 30 1 42 8 4 29 32 41 50 7 16 47 13 40 43 19 44 22 10 31 46 20 45 3 2 12 36 49 37 18 33 9 23 24 26 35 21 28 48 27 5 17 38 14 34 11 39
34 33 37 36 40 39 38 6 7 8 4 5 1 2 3 46 45 41 42 47 48 44 43 30 35 27 22 14 19 11 12 16 15 10 9 13 23 24 20 21 17 18 28 32 31 26 25 29
17 35 16 24 30 37 33 29 36 43 32 22 40 50 41 26 31 20 48 19 27 25 34 18 45 44 21 23 47 49 42 38 28 39 46 11 15 8 7 6 9 4 3 10 14 1 12 13 5 2
1 2 3 4 10 9 5 7 6 8 11 12 13 16 17 14 15 20 19 18 21 22 23 26 27 24 25 28 29 30
34 41 46 6 21 5 33 26 37 19 15 49 28 8 20 23 42 45 31 7 17 2 47 44 40 14 9 32 50 38 10 1 4 29 36 35 12 13 3 48 43 30 25 11 16 39 27 18 24 22
37 32 25 28 19 18 33 41 14 42 6 24 26 10 50 21 7 36 46 47 9 11 4 12 22 44 15 16 43 23 27 8 48 5 2 13 31 30 20 35 1 40 3 29 34 39 38 17 45 49
1 12 18 15 22 19 20 17 30 27 50 43 46 41 47 48 37 40 39 42 25 26 5 10 9 14 3 24 21 38 23 32 31 34 33 36 29 35 44 11 28 13 16 7 8 45 2 4 6 49
10 35 6 1 22 29 45 39 32 50 18 13 41 28 40 44 34 47 37 46 20 16 48 42 9 36 11 14 26 21 3 33 30 24 4 15 49 5 17 31 23 19 7 8 43 38 12 2 25 27
8 35 26 12 21 40 18 49 4 39 5 2 36 46 23 45 6 41 47 24 44 14 11 7 3 28 16 20 29 33 19 25 34 37 15 42 1 30 22 31 17 43 10 27 38 48 50 13 32 9
9 4 6 2 1 5 8 10 7 3
30 22 29 21 28 25 24 26 23 27 5 1 7 45 41 44 14 19 35 33 34 8 6 2 36 48 47 4 3 9 37 32 38 10 18 12 50 43 42 17 13 15 39 31 40 16 11 20 49 46
37 26 35 23 46 47 45 34 13 7 20 44 8 6 15 42 12 9 2 10 17 22 39 19 33 48 25 43 50 32 30 31 36 4 21 28 24 18 14 1 11 5 16 29 41 27 3 49 38 40
48 35 43 28 33 32 14 26 38 27 15 16 2 31 9 18 34 5 25 44 41 3 13 17 40 12 37 11 23 1 19 20 39 4 42 45 49 10 6 36 8 22 29 50 7 24 30 46 47 21
32 2 42 7 44 26 40 23 38 3 35 11 27 24 4 19 34 43 33 10 5 29 22 25 47 41 36 8 46 9 39 20 28 31 1 30 6 45 49 50 48 37 21 15 14 13 12 16 17 18
7 25 47 43 16 5 49 50 15 41 13 33 18 9 3 20 6 35 39 24 42 37 46 36 14 28 44 30 12 11 32 29 31 10 34 22 23 2 4 26 38 27 40 48 17 1 21 45 8 19
23 8 28 3 47 13 43 19 20 33 50 24 38 11 4 1 42 34 22 25 10 35 37 31 36 48 30 44 12 29 45 16 26 41 49 32 39 27 9 18 15 21 2 17 14 46 6 40 5 7
31 10 27 7 5 45 32 18 17 35 38 14 50 43 1 33 19 29 12 36 49 37 48 4 21 30 41 34 16 44 28 22 8 26 23 24 13 11 39 9 40 3 47 46 2 6 20 42 25 15
45 5 2 30 49 27 12 9 38 47 29 34 22 41 31 3 15 1 4 24 50 48 20 33 6 14 40 7 25 10 46 17 28 36 8 35 37 32 23 26 39 21 13 16 43 44 42 18 19 11
28 6 13 38 34 37 40 7 23 41 18 20 24 8 19 11 26 14 1 22 49 44 33 45 16 42 27 17 12 10 30 50 3 29 35 46 48 25 39 36 4 15 32 2 47 21 43 31 5 9
22 5 13 3 21 18 12 2 9 16 17 19 10 14 20 6 7 1 4 8 15 11
34 33 37 36 40 39 38 22 23 24 20 21 17 18 31 32 28 29 25 26 27 35 30 43 42 41 45 44 48 47 46 3 2 1 5 4 8 7 6 11 19 14 15 16 12 13 9 10
38 33 25 34 39 3 6 15 17 18 4 13 10 23 45 32 36 44 48 41 46 26 47 11 9 1 35 7 28 14 20 21 2 29 5 12 40 27 19 22 50 31 16 49 43 24 37 30 8 42
1 2 4 3
10 4 6 7 1 9 2 8 5 3
31 32 36 37 38 34 33 39 40 45 44 48 47 46 41 42 43 49 50 25 24 28 27 26 22 21 20 23 29 30 35 11 16 12 13 19 17 18 14 15 10 9 3 2 1 6 7 8 4 5
5 44 21 27 14 15 13 34 32 28 1 9 17 23 8 7 37 46 24 3 43 12 6 18 29 22 25 20 36 30 45 4 48 38 31 16 10 39 11 42 33 2 40 26 35 41 47 19 49 50
12 7 41 40 47 11 20 37 49 1 45 17 4 36 33 50 42 15 31 3 13 21 32 10 9 18 46 24 28 22 48 14 19 39 38 16 27 30 6 44 35 23 43 8 25 5 2 34 26 29
3 1 2 26 27 28 4 5 6 30 29 31 7 9 8 32 33 34 10 11 12 36 35 37 13 15 14 38 39 40 16 17 18 42 41 43 19 21 20 44 45 46 22 23 24 48 47 49 25 50
41 43 2 44 1 20 13 25 37 14 6 4 26 8 24 17 18 47 40 23 49 28 10 19 3 22 50 46 38 32 39 36 35 45 29 27 48 21 31 7 33 16 42 12 30 11 5 9 34 15
3 1 2 4
33 14 47 21 23 46 35 22 24 50 3 19 8 30 13 32 20 27 29 41 2 18 42 9 1 26 43 4 31 40 25 38 15 10 6 48 36 11 12 17 45 28 49 5 34 39 7 37 16 44
45 44 43 42 41 40 39 38 27 28 29 30 31 32 33 34 35 36 37 1 2 3 4 5 6 7 8 9 10 11 12 13 14 15 16 17 18 19 20 21 22 23 24 25 26 50 49 48 47 46
29 33 8 37 40 10 2 39 25 17 15 4 3 11 32 35 5 28 12 7 38 36 30 27 14 23 22 9 31 18 26 34 1 24 20 21 19 13 6 16
1 3 5 2 4 6 7 9 11 8 10 12 13 15 17 14 16 18 19 21 23 20 22 24 25 27 29 26 28 30 31 33 35 32 34 36 37 39 41 38 40 42 43 45 47 44 46 48 49 50
5 48 21 4 34 46 19 2 20 27 16 28 47 1 38 35 25 26 37 31 8 36 17 23 44 29 7 12 6 42 49 39 33 50 13 24 32 14 41 22 30 43 3 40 11 9 15 18 45 10
29 12 3 4 2 16 5 44 47 45 38 41 39 37 42 48 40 20 7 6 27 9 14 19 26 43 1 8 11 13 25 24 28 18 32 50 35 10 33 21 30 23 46 34 31 17 22 15 49 36
4 6 1 8 5 2 7 10 3 9
9 2 3 4 1 5 6 7 8 12 11 10 18 26 27 28 24 23 22 14 13 17 50 15 16 20 19 21 25 30 29 33 31 32 36 35 34 41 37 38 39 40 44 43 42 49 45 46 47 48
20 4 33 9 23 38 28 17 47 14 22 27 2 26 1 45 16 24 19 42 41 8 10 29 46 36 31 11 49 37 25 30 15 21 3 40 7 18 39 5 50 12 32 48 44 13 43 35 34 6
1 2 3 4 5 6 7 8 9 10 11 12 13 14 15 16 17 18 19 20 21 22 23 24 25 26 27 28 29 30 31 32 33 34 35 36 37 38 39 40 41 45 46 47 48 44 43 42
14 8 15 12 11 2 17 16 7 5 6 18 13 10 1 3 4 9
3 9 6 12 20 21 5 11 28 1 13 18 24 22 15 23 17 4 19 16 14 8 27 25 2 7 10 26
11 21 1 18 6 24 39 7 33 34 27 15 3 22 25 38 28 31 10 16 17 9 20 14 40 35 8 37 13 29 12 2 23 32 5 26 4 36 19 30
28 6 38 15 18 9 35 32 21 31 23 37 49 16 14 20 8 39 47 3 26 42 44 4 5 13 22 48 40 1 34 29 50 41 27 19 36 10 24 12 11 46 7 30 33 17 43 45 2 25
10 3 46 38 14 33 24 34 35 39 31 18 6 2 20 28 23 41 40 29 16 48 25 45 15 8 37 1 21 11 49 7 43 32 50 12 22 19 42 26 27 17 30 5 36 44 4 13 47 9
2 1 3 4 5 6 7 8 9 10 11 12 13 14 15 16 17 18 19 20 21 22 23 24 25 26 27 28 29 30 31 32 33 34 35 36 37 38 39 40 41 42 43 44 45 46 47 48 49 50
14 12 16 44 45 26 9 13 21 39 31 32 10 46 38 8 25 18 35 34 49 6 2 1 30 43 36 24 5 20 40 42 37 11 7 15 28 48 50 22 4 19 33 47 29 3 17 23 41 27
29 23 22 8 42 47 36 21 5 31 39 9 24 49 1 30 50 19 15 2 28 12 43 25 33 44 14 10 13 35 11 32 34 45 17 16 27 20 26 6 40 4 7 41 48 18 38 3 37 46
1 4 6 28 27 33 49 50 43 45 46 37 35 40 29 11 12 2 42 31 23 3 20 14 44 41 39 7 38 36 19 5 34 8 24 21 48 9 18 10 30 25 32 22 13 16 26 17 15 47
34 36 49 19 25 41 31 35 18 5 15 27 46 12 24 11 47 38 39 8 9 6 44 17 29 14 2 50 13 26 23 48 20 40 37 45 4 32 33 28 1 16 3 42 21 22 10 43 30 7
13 19 37 28 49 50 48 18 5 9 24 21 3 44 22 45 23 46 40 30 47 39 38 33 26 12 42 10 14 20 35 29 34 17 32 25 41 43 7 11 4 1 6 31 2 8 16 27 36 15
30 1 2 3 4 5 6 7 8 9 10 11 12 13 14 15 16 17 18 19 20 21 22 23 24 25 26 27 28 29
35 30 29 23 22 26 21 20 25 24 28 27 41 42 46 47 48 44 45 1 49 43 40 39 33 32 31 36 37 38 34 11 12 16 17 18 14 15 19 13 10 9 3 5 4 8 7 6 2 50
28 18 10 6 26 13 5 31 24 34 45 48 19 16 30 47 49 35 14 1 23 12 9 4 40 43 8 37 22 11 27 46 36 7 41 2 32 15 29 50 44 33 25 21 17 38 3 42 20 39
2 5 6 1 3 4
12 14 34 36 18 50 5 10 9 27 38 6 43 13 33 21 41 48 19 47 42 39 2 22 32 7 20 46 28 26 15 37 4 16 40 17 31 24 11 1 44 29 30 8 23 45 25 49 35 3
10 20 36 49 23 8 17 33 26 4 31 44 34 11 5 28 50 25 7 37 39 21 47 48 16 35 40 29 43 42 22 6 13 32 45 9 30 24 18 27 15 1 3 38 46 2 19 14 12 41
24 21 14 20 19 6 29 5 9 8 18 16 3 2 15 11 13 25 7 22 27 23 31 10 26 4 32 17 1 12 30 28
28 10 23 3 33 24 7 2 21 20 22 43 17 5 32 26 8 12 35 4 11 41 27 19 1 38 6 18 46 29 16 36 9 14 47 49 39 30 44 48 37 13 25 50 34 15 45 40 42 31
3 2 1 5 4 7 8 6
16 46 42 34 30 45 27 33 4 44 17 41 13 5 26 11 15 23 37 35 25 31 1 20 43 29 12 9 19 36 48 50 8 47 2 10 14 21 24 22 28 38 7 6 3 39 32 40 49 18
3 39 1 6 30 20 14 16 29 2 35 44 5 7 32 24 11 12 31 18 9 48 25 42 22 23 34 47 36 19 28 49 27 4 37 10 33 21 45 40 17 50 38 26 13 41 15 43 8 46
14 26 2 48 5 35 18 6 25 50 29 31 49 9 45 1 13 32 16 46 36 22 39 20 41 8 19 40 21 42 12 28 17 3 33 11 7 38 37 47 15 43 24 27 10 4 23 34 44 30
5 29 43 25 3 24 2 46 20 31 37 32 33 13 21 50 9 45 8 15 36 18 7 17 12 49 47 48 42 19 26 28 10 40 27 38 35 16 22 11 14 30 4 23 1 41 44 34 39 6
10 9 8 7 6 15 14 13 1 2 3 16 11 12 4 5
1 6 5 8 3 4 7 2 10 9
1 2 3 8 7 6 4 5
8 6 4 3 7 2 1 5 10 9
32 40 31 11 33 4 48 17 36 18 44 13 30 34 46 24 45 37 35 38 6 7 15 47 22 29 43 19 2 8 21 9 41 23 1 25 3 39 12 42 27 16 14 5 10 28 20 26
29 47 22 46 38 14 10 50 6 27 30 25 31 48 17 19 28 42 41 7 16 5 45 18 8 34 15 35 44 32 39 20 21 33 11 13 23 12 4 36 9 40 2 37 1 26 43 49 24 3
27 30 28 25 22 21 19 18 15 13 11 9 8 5 2 1 4 3 6 7 10 12 14 16 17 20 23 24 26 29 32 31 33 34 35 36 39 42 44 47 49 46 43 50 48 45 41 40 38 37
49 35 17 2 8 47 1 46 33 36 24 16 25 50 41 43 44 9 42 40 48 45 11 4 39 30 15 6 26 21 20 12 7 13 19 22 32 3 28 27 34 5 10 23 37 14 18 31 38 29
50 20 15 33 25 26 39 2 38 17 24 31 40 9 34 36 21 11 19 10 49 23 32 6 4 29 37 8 7 1 30 46 47 35 3 48 14 28 45 16 12 22 43 13 42 44 18 27 5 41
38 8 9 31 3 34 11 14 22 42 17 50 47 37 4 6 20 19 41 1 36 16 23 18 24 49 10 15 25 40 26 30 35 12 28 39 5 21 27 43 2 33 46 32 7 45 48 13 29 44
9 1 4 12 15 21 8 3 7 13 19 22 2 10 17 18 20 5 11 6 14 16
46 49 50 43 48 44 42 47 41 45 20 18 14 19 12 17 16 15 13 11 30 10 8 9 2 3 7 5 4 6 1 21 27 24 26 29 23 28 25 22 35 34 37 33 40 38 31 39 36 32
3 2 6 1 5 4
10 9 12 13 16 15 14 6 11 19 18 17 20 21 24 23 22 3 2 1 4 5 8 7
11 12 10 6 26 22 21 24 13 18 5 7 1 2 4 20 17 49 50 30 33 23 36 19 46 25 42 27 37 39 29 45 43 48 44 38 40 47 16 28 8 9 3 14 35 34 31 32 41 15
25 1 5 2 3 4 9 13 17 24 6 7 21 8 10 11 29 28 27 30 48 47 45 23 22 20 44 43 41 19 18 16 40 39 37 15 14 12 36 35 33 46 42 38 32 31 49 34 26 50
32 11 16 35 44 7 33 8 46 29 10 25 22 15 28 20 47 18 24 39 17 40 37 14 31 38 12 49 3 5 1 48 19 26 42 9 50 45 23 30 2 13 21 43 6 27 34 4 41 36
49 16 36 6 13 17 39 10 41 8 3 37 24 5 29 38 4 43 47 30 44 25 12 45 42 50 11 40 2 19 27 31 7 18 32 15 28 1 20 48 46 21 22 26 35 34 9 33 23 14
9 8 1 11 17 10 3 4 5 18 13 7 16 2 19 20 12 15 14 6
2 1 24 33 8 7 37 6 11 32 31 21 48 28 29 5 26 39 25 10 30 36 46 19 27 44 43 35 34 13 41 38 40 23 20 9 4 12 16 15 14 18 47 22 17 45 3 42
38 7 27 11 15 22 19 21 28 35 8 37 29 9 31 50 42 45 32 2 36 17 4 25 39 1 16 24 40 12 33 3 14 26 10 43 18 49 13 46 20 30 47 34 48 44 6 41 5 23
16 30 10 23 35 24 7 27 13 41 12 8 22 43 40 6 3 17 39 46 34 15 18 36 2 44 11 28 45 25 50 4 31 5 48 47 21 19 33 20 14 42 49 1 38 9 26 32 37 29
3 28 11 16 13 10 44 38 2 49 32 7 20 36 33 30 41 14 27 50 15 4 19 37 47 22 9 18 45 25 43 6 12 40 48 17 42 26 24 21 46 1 8 31 35 5 29 23 34 39
27 8 25 36 7 11 2 16 5 4 1 13 32 3 29 22 30 26 12 33 6 38 40 9 31 35 10 24 39 28 23 21 18 15 37 20 14 17 19 34
40 3 5 10 29 31 1 14 17 2 9 4 6 49 26 34 37 15 45 20 41 42 21 18 22 8 39 27 23 44 38 35 7 19 11 16 47 46 12 33 48 13 24 50 28 36 30 25 32 43
45 10 8 11 30 41 9 7 28 12 22 48 17 43 33 4 19 50 1 36 31 6 21 26 42 49 35 34 29 2 13 40 47 3 20 37 24 32 15 16 14 44 5 39 18 46 27 25 23 38
43 40 21 13 5 42 41 49 23 17 7 31 35 8 1 9 15 24 3 27 30 26 44 25 36 2 12 29 48 46 28 38 4 37 47 20 18 45 50 14 6 22 34 39 33 11 19 10 16 32
42 40 22 1 3 37 34 36 4 45 43 35 12 24 17 41 20 38 2 7 21 27 18 10 46 15 9 33 32 30 8 25 39 47 6 44 14 13 5 16 28 23 49 29 50 48 26 11 19 31
17 43 27 49 18 21 37 45 29 23 24 19 30 16 5 22 50 34 6 12 1 8 38 47 4 11 39 2 15 26 41 36 20 9 44 46 13 3 14 42 31 40 25 32 7 10 35 33 28 48
4 3 2 1 8 7 6 5 9 13 17 21 20 19 18 22 23 24 28 27 26 30 31 32 25 29 33 37 38 39 40 48 41 45 44 43 42 46 47 34 35 36 12 11 10 14 15 16
39 10 32 7 15 21 36 20 44 24 38 4 19 29 34 35 13 12 14 31 27 37 23 22 48 9 47 18 17 46 30 3 50 26 11 1 45 41 2 33 25 40 6 42 28 5 43 8 49 16
25 8 17 37 47 15 42 11 30 9 1 45 35 39 20 32 21 23 31 24 43 22 14 10 27 12 16 38 48 4 2 36 49 46 3 41 44 26 7 50 34 19 28 6 33 13 5 40 18 29
40 45 37 18 35 41 6 20 24 15 4 28 13 2 46 22 25 30 1 3 23 39 7 21 47 48 12 19 14 8 50 16 42 33 17 5 26 11 44 31 38 32 34 43 36 9 27 10 49 29
35 9 40 4 34 39 19 13 3 1 20 8 5 43 50 21 10 38 32 25 16 2 6 49 48 27 12 30 24 17 44 37 46 28 14 36 33 47 22 23 7 29 41 31 26 11 15 18 42 45
11 27 48 18 40 13 50 42 22 15 41 31 1 37 21 38 9 47 26 2 36 17 39 12 32 35 43 49 23 34 33 24 28 8 3 29 46 16 4 19 45 25 30 20 7 10 14 5 6 44
19 14 9 11 16 20 5 3 10 17 12 1 8 2 15 4 6 7 13 18
2 1 50 49 48 3 4 5 26 25 24 23 27 28 29 6 7 8 30 31 32 9 10 11 33 34 35 12 13 14 36 37 38 15 16 17 39 40 41 18 19 20 42 43 44 21 22 45 46 47
44 31 30 15 14 39 43 38 23 22 6 35 21 20 8 46 45 40 5 7 1 32 33 34 16 17 18 42 41 47 4 3 2 48 49 50 19 12 11 28 27 26 25 24 36 37 29 13 9 10
47 44 10 36 16 4 18 43 40 28 25 15 46 41 38 7 9 31 37 32 11 3 17 34 13 19 23 29 27 1 39 14 12 21 35 8 45 48 2 24 26 50 5 6 30 42 22 33 20 49
17 40 32 4 2 27 35 49 26 19 1 34 22 37 36 42 29 28 43 31 25 5 13 18 41 12 44 23 7 10 50 8 3 14 24 48 30 21 45 11 6 46 39 15 9 16 47 33 38 20
3 1 27 28 4 5 6 30 29 31 7 9 8 32 33 34 10 11 12 36 35 37 13 15 14 38 39 40 16 17 18 42 41 43 19 21 20 44 45 46 22 23 24 48 47 49 25 2 26 50
32 16 17 30 44 21 31 1 38 41 35 25 12 8 23 9 27 20 18 26 19 28 6 39 40 50 3 22 37 5 13 49 46 4 2 47 45 29 36 7 11 24 43 14 42 10 15 48 33 34
3 37 46 7 32 17 48 12 41 6 18 28 14 27 43 5 30 33 40 31 8 38 2 42 11 34 20 21 39 22 4 44 1 19 9 45 16 36 49 35 15 26 25 23 50 29 13 10 24 47
22 14 1 26 37 3 35 50 25 29 44 11 2 15 28 27 9 34 42 17 8 49 43 38 13 23 6 33 39 36 16 7 47 24 18 32 31 48 5 30 4 40 12 19 46 21 41 10 20 45
40 34 36 33 31 32 38 37 39 35 48 46 42 47 45 49 50 41 43 44 17 14 20 18 11 15 19 16 12 13 30 8 10 3 7 6 5 9 1 2 4 21 29 26 24 28 25 27 23 22
31 2 24 38 34 19 13 36 5 16 3 48 32 1 4 12 40 33 30 10 26 49 41 23 21 46 7 18 45 28 11 43 17 15 8 42 27 39 47 29 35 20 50 25 22 9 6 44 14 37
16 17 35 30 36 15 29 1 50 23 24 7 45 48 8 49 46 40 43 38 31 37 27 47 10 44 21 33 12 22 19 6 32 25 20 5 2 13 39 34 14 4 3 9 18 28 26 41 11 42
9 7 16 3 4 2 12 5 10 8 14 11 1 13 6 15
32 42 36 6 20 12 9 37 43 3 14 45 40 30 38 47 13 1 34 39 11 28 19 41 29 18 24 4 44 50 26 48 15 33 7 22 5 31 2 17 10 46 35 8 49 16 21 25 27 23
7 48 3 8 40 36 4 41 22 25 31 50 1 12 42 33 49 20 19 15 17 35 47 10 30 38 11 21 43 18 9 6 16 46 14 27 39 34 2 5 23 26 37 24 13 29 32 45 28 44
28 20 49 22 12 3 50 32 25 24 36 37 2 18 23 30 9 6 10 19 8 29 4 13 48 38 21 35 43 27 41 16 15 17 34 33 31 1 14 44 39 46 42 45 40 5 11 26 7 47
24 23 40 15 3 22 32 34 18 17 1 36 26 33 19 10 4 21 30 39 11 8 16 37 31 6 14 13 28 35 29 2 9 5 27 38 25 7 12 20
1 12 29 43 32 26 27 5 16 14 7 49 25 8 28 38 18 35 37 22 10 34 21 47 23 42 9 31 41 46 3 44 11 2 36 17 6 39 19 20 13 50 30 4 45 40 33 24 48 15
45 22 48 7 18 28 4 26 15 20 13 38 8 11 24 43 37 39 23 31 12 32 25 1 44 29 5 33 49 34 6 47 40 42 16 14 50 21 36 27 19 10 46 17 3 9 30 2 41 35
39 36 15 16 35 17 34 18 33 19 32 20 21 22 23 24 25 26 27 28 29 30 31 48 4 3 49 2 1 50 44 7 8 43 47 5 46 6 45 40 12 13 38 14 37 41 11 10 9 42
4 14 25 17 42 27 10 2 11 47 40 33 24 30 38 26 36 50 18 44 23 5 45 20 32 9 21 16 13 46 37 31 7 35 19 3 48 12 6 34 8 22 39 41 29 1 28 49 15 43
26 6 28 1 42 44 18 7 16 34 33 29 3 35 32 48 17 4 50 43 25 10 20 31 39 36 19 21 27 5 9 47 45 12 46 13 40 37 23 49 8 41 15 22 38 11 2 24 30 14
11 10 5 8 4 3 12 1 7 9 2 6
44 40 48 42 41 12 29 18 47 32 1 30 2 6 35 3 8 10 19 7 27 26 17 15 23 21 25 14 43 16 37 13 38 11 5 24 46 4 20 36 9 33 39 22 34 50 45 49 28 31
25 34 36 28 23 33 44 17 47 11 21 38 12 30 42 10 43 6 48 45 14 16 41 8 26 7 40 9 4 2 24 29 35 19 1 20 27 3 39 46 22 37 31 50 5 18 15 13 32 49
21 11 34 39 18 47 43 50 17 5 26 38 40 9 42 45 27 6 33 31 41 16 4 35 15 48 44 19 1 23 36 30 8 20 46 25 2 37 32 22 49 13 24 12 29 14 28 7 10 3
23 3 4 11 6 10 1 19 21 9 12 2 22 24 20 17 7 5 18 14 16 8 13 15
7 19 31 28 25 23 15 10 32 47 20 37 22 21 33 8 17 38 16 42 48 2 39 41 27 30 26 18 40 4 35 29 14 12 3 46 1 5 45 13 43 6 36 44 9 24 11 34
47 46 45 48 43 44 41 15 18 17 20 19 24 21 22 16 10 11 14 13 7 8 5 4 3 6 9 12 23 26 25 30 27 28 29 32 31 36 33 34 35 38 37 42 39 40 1 2
50 39 19 17 48 7 22 21 20 38 2 46 18 47 32 30 16 11 27 5 9 29 14 1 23 26 8 10 42 36 4 12 3 33 6 31 49 25 24 13 41 34 44 28 37 45 40 35 15 43
40 13 1 8 26 28 11 2 4 31 36 14 24 6 16 12 22 39 9 5 37 18 47 35 33 21 44 25 17 19 49 42 30 45 38 34 48 41 3 7 10 29 23 43 32 15 27 46 50 20
1 2 3 4 5 6 7 8 9 10 11 12 13 14 15 16 17 18 19 20 21 22 23 24 25 26 27 28 29 30 31 32 33 34 35 36 37 38 39 40 41 42 43 44 45 46 47 48 49 50
12 24 22 2 18 26 8 13 10 17 6 9 15 16 23 19 1 3 14 7 11 25 20 5 4 21
21 12 6 38 36 33 7 24 1 50 27 43 17 5 14 37 34 29 18 4 2 26 42 44 8 3 28 40 48 10 11 16 35 47 39 15 25 13 45 30 32 23 19 20 49 41 46 22 9 31
6 1 9 39 3 10 44 41 46 8 4 49 17 12 20 37 33 35 14 13 15 34 31 40 7 2 5 45 42 43 19 47 48 50 25 29 21 28 23 27 24 26 22 30 18 11 16 38 32 36
8 50 19 11 21 48 49 39 14 5 33 44 34 7 24 36 22 15 16 42 23 45 9 43 6 31 37 18 2 3 12 17 32 38 47 25 4 27 13 46 40 20 29 26 30 10 1 28 41 35
24 49 39 37 45 6 29 19 12 43 33 5 17 36 14 13 22 28 25 26 40 1 21 9 38 4 23 42 11 46 44 8 48 30 15 2 7 35 10 41 18 34 16 27 20 31 3 32 50 47
50 4 35 6 22 19 24 5 41 10 25 39 11 31 34 36 47 16 27 7 9 3 1 12 42 8 15 20 48 17 14 2 46 30 21 38 49 23 43 32 29 37 28 45 18 26 13 33 44 40
18 43 14 32 20 9 42 7 13 28 22 26 1 21 24 3 12 40 30 6 16 34 38 49 11 47 4 19 5 2 36 37 41 48 31 44 45 46 33 35 17 23 8 15 39 29 10 25 50 27
8 40 22 6 17 33 11 44 7 28 26 50 13 29 4 48 14 42 43 15 21 36 49 1 35 32 37 3 46 45 24 12 25 5 41 34 16 2 19 47 39 27 31 9 20 38 23 18 30 10
8 13 15 43 18 3 23 47 7 44 28 19 16 10 36 6 25 14 21 11 34 46 40 35 12 48 24 42 50 4 9 32 2 22 17 37 49 1 41 5 27 20 30 31 39 38 45 33 26 29
38 20 28 13 8 36 14 46 3 47 43 33 19 15 42 25 32 29 5 49 4 50 7 12 1 41 45 23 9 31 40 39 2 26 48 27 24 35 22 30 16 44 18 17 21 34 11 10 37 6
2 4 1 5 3 6
28 15 12 17 24 30 5 20 6 29 2 7 23 13 8 1 25 3 18 14 22 9 16 27 11 21 10 26 4 19
38 21 1 14 44 49 32 31 23 3 2 40 13 37 18 35 16 10 20 5 22 42 7 24 25 39 36 29 50 30 26 28 27 4 43 11 12 34 33 6 19 47 48 15 17 41 45 46 9 8
1 2 3 4 5 6 7 8 9 10 11 12 13 14 15 16 17 18 19 20 21 22 23 24 25 26 27 28 29 30 31 32 33 34 35 36 37 38 39 40 41 42 43 44 45 46 47 48 49 50
34 1 32 2 31 4 30 6 27 8 24 9 25 7 28 11 22 14 21 12 29 13 23 10 20 15 18 16 17 19 5 26 3 33
3 5 2 8 6 9 11 1 12 7 10 4
1 4 47 46 45 43 44 38 37 35 36 30 29 27 28 22 21 19 20 14 13 11 12 6 5 3 2 8 7 9 10 16 15 17 18 24 23 25 26 32 31 33 34 40 39 41 42 48
49 48 47 46 45 44 43 42 41 40 39 38 37 36 35 34 33 32 31 30 29 28 27 26 25 24 23 22 21 20 19 18 17 16 15 14 13 12 11 10 9 8 7 6 5 4 3 2 1 50
15 41 32 17 37 5 24 30 12 43 31 19 14 25 7 13 33 42 11 1 18 49 20 3 28 35 29 21 22 50 36 46 2 16 27 48 10 39 23 6 45 26 47 44 40 38 9 4 34 8
11 18 6 12 19 20 1 14 17 13 8 5 7 10 15 2 9 4 3 16
19 20 3 15 17 32 38 1 4 29 8 30 2 37 49 22 13 25 21 12 35 11 40 33 50 45 34 44 18 42 31 47 27 16 23 14 46 43 39 28 5 48 36 7 24 10 6 9 26 41
26 50 41 21 10 16 25 17 31 32 8 23 1 6 37 22 24 13 9 7 47 45 18 11 15 28 30 34 44 46 48 4 38 3 12 19 29 33 43 35 5 2 49 20 27 42 14 36 39 40
5 46 18 27 38 10 14 26 16 15 22 8 9 30 39 20 11 4 33 36 41 29 42 12 17 44 3 2 13 7 31 32 6 50 47 19 1 45 21 43 48 35 49 25 23 37 24 40 34 28
5 32 40 2 46 39 8 42 7 45 4 22 28 1 29 37 18 12 16 36 34 27 17 20 35 26 41 43 38 50 9 11 6 19 3 44 14 30 33 49 13 48 10 25 15 24 47 31 23 21
23 34 40 30 21 36 29 6 45 4 44 37 7 5 18 1 39 12 27 28 35 22 16 38 14 19 25 43 46 42 24 20 15 11 31 2 41 17 3 32 8 10 9 26 33 13
18 9 6 5 30 27 7 22 1 41 32 35 16 14 13 26 3 23 34 29 38 10 11 40 2 28 17 39 21 37 8 33 36 20 42 15 12 24 19 4 31 25
13 39 40 28 27 25 26 42 41 11 12 5 6 44 46 19 20 30 29 23 24 49 3 4 48 45 7 8 50 2 1 14 38 21 22 43 37 15 16 33 34 31 32 47 18 10 9 35 36 17
6 36 5 35 17 24 14 40 22 33 38 21 41 2 19 9 26 30 43 31 50 27 18 34 7 44 42 29 10 49 46 48 13 32 3 15 45 8 20 4 37 16 1 47 23 28 25 11 12 39
10 9 8 7 6 5 4 3 2 1 23 24 25 26 27 28 29 30 31 32 33 34 35 36 37 38 39 40 41 42 43 44 45 46 47 48 49 50 20 21 22 14 15 16 17 18 19 11 12 13
4 3 2 1 38 25 14 48 21 45 13 30 33 44 46 11 35 9 15 31 49 27 41 26 50 17 12 24 23 10 16 32 40 34 8 36 37 42 19 22 20 39 29 28 43 47 18 7 6 5
1 2 50 30 9 16 18 29 39 27 26 40 19 5 13 47 14 7 17 8 24 38 36 15 34 25 23 46 33 43 28 21 22 42 20 6 4 3 45 49 37 32 11 10 12 44 48 41 31 35
29 19 38 16 24 22 47 10 3 1 17 44 33 31 45 12 30 26 18 34 41 15 5 6 13 11 23 9 2 42 50 40 8 39 43 14 20 27 49 46 28 36 25 37 4 7 32 48 21 35
5 4 6 1 2 3
12 47 36 2 27 24 17 40 34 28 48 31 23 1 35 3 43 20 42 15 46 44 50 6 32 11 21 7 30 10 49 29 14 37 22 33 25 38 26 19 16 4 41 18 5 13 9 8 45 39
19 38 13 18 2 27 15 14 24 31 9 23 22 35 44 10 25 16 46 32 49 33 43 11 3 21 12 1 6 17 34 8 20 41 39 36 48 26 4 40 7 30 45 37 47 5 28 42 50 29
32 6 37 15 21 7 25 20 34 28 2 39 26 42 48 24 17 29 30 40 49 38 12 4 31 47 14 43 11 23 22 50 5 16 19 27 9 41 45 1 46 36 35 10 44 8 3 13 33 18
39 4 45 7 5 20 10 26 44 3 47 28 18 8 40 49 14 25 43 1 50 41 29 19 16 33 48 32 38 2 12 35 31 24 37 46 6 17 36 30 13 22 15 23 9 21 34 42 27 11
44 14 17 48 10 16 38 35 25 50 30 5 39 20 43 23 2 3 46 8 1 34 9 18 6 45 21 13 37 4 32 15 26 28 12 41 47 24 29 49 22 7 40 27 36 11 19 33 31 42
9 3 8 1 2 4 10 12 5 6 7 11
10 21 49 11 6 28 4 48 19 20 38 29 30 25 26 27 23 13 9 15 45 22 24 50 7 37 17 16 43 5 3 18 14 12 33 8 1 2 36 31 34 40 32 41 35 44 39 46 42 47
9 33 10 38 8 4 14 17 46 19 7 20 2 50 5 1 42 24 39 32 47 27 25 26 37 13 49 6 45 43 23 48 35 12 34 28 16 31 22 11 36 40 41 30 3 44 21 18 15 29
11 1 3 39 41 33 23 13 5 27 28 42 12 4 9 35 40 26 24 30 45 22 16 14 49 44 50 6 19 7 36 46 32 21 18 20 31 29 38 8 2 10 37 43 47 17 25 15 34 48
18 41 33 24 16 50 1 32 36 5 35 30 13 3 46 11 39 37 40 38 12 8 6 29 17 47 2 9 48 44 43 42 23 4 20 7 25 34 27 28 10 31 45 21 26 14 15 22 19 49
8 45 41 18 36 43 48 44 38 14 50 32 49 17 6 19 42 34 3 37 35 16 9 15 4 5 21 13 1 28 40 29 30 24 23 27 22 39 10 25 47 31 11 7 12 33 20 46 26 2
28 16 31 32 37 27 33 20 29 18 44 39 45 36 38 23 3 35 41 26 7 15 4 42 46 24 49 5 8 40 14 25 50 9 17 43 22 6 21 19 12 2 47 10 34 11 48 1 13 30
11 30 37 4 17 47 50 3 22 6 38 48 32 44 1 2 28 7 23 25 36 33 19 21 13 26 12 35 10 29 5 49 31 45 24 20 8 46 9 14 27 34 16 15 39 41 40 43 18 42
4 43 41 8 1 20 2 27 24 14 42 7 3 44 48 28 37 40 11 33 9 32 18 50 38 39 26 6 5 45 16 19 23 35 25 30 49 36 13 10 15 31 12 17 46 29 34 22 47 21
13 1 14 7 8 3 5 9 11 10 6 12 2 4
9 7 4 3 19 15 12 14 10 5 6 17 8 16 1 13 11 20 18 2
11 10 9 3 13 8 5 7 12 4 1 6 14 16 15 2
26 4 2 3 5 6 7 8 10 9 11 13 12 15 14 16 17 18 19 20 21 22 23 24 29 28 27 25 31 34 30 33 32 35 36 37 38 39 40 1
28 16 8 49 36 43 19 39 11 42 2 29 17 15 26 33 34 5 1 10 18 41 23 32 47 20 40 37 45 22 27 50 7 4 12 35 14 13 46 30 31 38 9 24 3 25 48 6 21 44
6 49 4 36 43 17 26 33 47 20 30 39 14 41 15 29 32 25 8 24 12 3 40 44 11 13 31 2 18 50 21 22 7 16 19 10 42 9 28 46 5 45 23 38 34 37 35 48 1 27
1 2 3 4 5 6 7 8 9 10 11 19 18 17 16 15 14 13 12 34 33 32 31 44 45 46 43 38 39 40 41 42 20 21 48 47 26 25 24 23 22 27 28 29 30 35 36 37
1 2 3 4 5 6 7 8 9 10 11 12 13 14 15 16 17 18 19 20 21 22 23 24 25 26 27 28 29 30 31 32 33 34 35 36 37 38 39 40 41 42 43 44 45 46 47 48 49 50
8 39 38 34 35 36 40 41 31 32 33 1 29 28 27 26 22 23 24 25 3 2 4 5 30 6 7 37 9 10 11 12 13 14 15 16 17 18 19 21 20 50 45 43 44 46 42 47 48 49
13 4 21 22 44 10 20 41 12 28 50 17 8 2 46 37 14 47 15 34 26 5 48 38 27 39 49 23 11 19 29 9 43 31 24 18 3 32 1 35 33 6 45 7 36 40 42 25 30 16
10 18 41 38 40 28 30 23 29 8 11 12 13 4 44 21 45 3 22 33 15 35 17 26 6 7 32 20 14 43 5 2 34 36 31 27 1 16 24 19 9 42 25 37 39 47 46 48
6 49 14 2 40 33 43 24 25 41 15 45 5 28 7 8 46 37 27 1 19 23 13 31 3 4 47 50 16 12 38 22 34 9 18 29 39 30 26 35 10 11 42 48 36 20 44 17 32 21
22 15 46 26 29 48 36 14 33 19 37 18 49 44 43 39 35 40 6 13 30 50 38 17 32 11 2 8 28 34 25 27 31 47 5 4 16 20 21 3 7 1 42 23 24 41 45 9 10 12
41 19 7 1 2 48 38 47 46 49 11 37 35 18 13 21 34 17 4 23 20 16 28 6 5 15 10 45 24 31 22 12 39 27 33 40 36 42 32 29 26 9 44 43 25 8 3 14 30 50
4 15 23 19 6 1 43 48 34 49 45 40 31 2 46 29 35 5 44 11 8 41 12 16 32 50 21 17 30 7 33 47 22 25 38 28 37 18 3 27 39 42 14 24 36 20 9 10 26 13
14 30 32 43 49 29 17 15 26 22 18 4 12 37 38 24 42 28 36 33 7 3 1 2 31 44 25 39 10 6 34 5 20 21 47 13 41 8 46 35 45 16 40 48 27 19 50 23 11 9
5 3 6 4 1 2
33 41 38 27 15 47 24 4 16 46 30 18 28 37 12 22 34 9 3 14 26 13 45 35 49 25 8 21 43 36 2 29 40 50 48 20 17 32 42 7 10 23 39 6 1 19 5 31 44 11
5 3 2 7 4 8 6 11 12 10 1 9
15 16 17 18 22 21 24 20 19 13 12 1 4 5 10 11 14 8 7 6 9 23 3 2
26 18 47 42 29 2 10 27 8 43 37 35 50 12 5 40 34 20 6 23 7 28 36 15 14 24 38 3 32 48 4 21 44 11 30 19 41 45 1 33 31 16 22 9 13 46 39 17 49 25
1 42 3 26 39 7 50 29 35 43 15 13 9 37 14 45 22 28 36 6 11 34 32 27 23 4 20 38 2 48 41 30 8 31 21 25 49 10 19 40 12 16 46 17 5 47 33 24 18 44
19 10 8 50 23 21 14 30 43 7 38 5 35 4 49 11 3 15 18 13 25 28 48 9 26 40 46 42 34 12 39 2 22 29 45 37 47 20 6 1 33 31 27 41 36 32 44 17 16 24
45 19 41 29 16 39 10 12 37 38 47 49 25 14 42 18 50 7 23 35 43 9 20 17 30 24 33 36 40 46 11 15 13 44 31 2 27 26 4 34 8 32 21 6 3 28 5 22 1 48
3 2 1 5 4 8 7 6 11 10 9 13 12 16 15 14 19 18 17 21 20 24 23 22 27 26 25 29 28 32 31 30 35 34 33 37 36 40 39 38 43 46 47 48 44 45 41 42
2 16 28 43 47 39 4 29 42 44 40 25 26 30 35 15 7 23 34 48 11 17 21 22 31 6 1 12 18 46 9 13 24 38 41 45 5 20 27 36 8 10 19 32 37 14 3 33 49 50
1 15 23 50 5 17 40 24 42 19 8 41 48 32 3 47 49 10 25 20 29 21 12 6 35 31 4 14 37 34 46 13 2 39 9 33 11 7 27 26 44 16 36 45 43 22 18 38 28 30
1 4 6 3 5 7 2 8
27 43 10 22 45 3 13 36 33 30 14 44 7 23 1 2 15 38 11 28 16 25 4 18 12 8 21 34 9 39 50 42 41 35 5 46 6 24 37 40 49 29 20 32 26 31 19 17 47 48
6 13 3 2 1 11 9 14 5 12 8 7 10 4
8 2 1 3 23 50 40 14 15 29 38 32 10 39 13 36 20 17 6 11 21 33 5 35 4 46 31 19 9 27 12 7 16 18 24 28 30 45 26 25 34 41 44 48 42 43 37 22 47 49
1 2 4 3 6 5 7 8
9 8 7 10 11 12 16 17 18 15 14 13 4 5 6 3 2 1 45 44 43 39 38 37 40 41 42 46 47 48 31 32 33 36 35 34 30 29 28 24 23 22 19 20 21 25 26 27
9 28 7 18 12 5 30 23 43 47 13 29 20 27 22 48 19 32 41 6 15 40 46 50 11 33 3 26 10 42 37 24 21 39 36 4 31 8 14 2 49 45 38 35 17 25 16 44 34 1
12 14 1 19 13 8 6 26 15 24 22 5 2 23 3 4 17 9 16 11 10 20 18 21 7 25
12 1 3 5 2 4 6 8 7 9 11 13 10 15 14 16
18 17 21 20 24 23 22 6 11 19 14 15 16 12 13 9 10 31 32 28 29 25 26 27 46 47 39 40 36 37 33 34 35 30 38 43 42 41 45 44 48 1 5 4 8 7 2 3
9 27 30 14 13 1 40 38 42 33 3 28 37 46 23 8 31 16 45 47 10 39 11 25 7 2 22 6 26 15 19 17 12 18 48 35 44 34 43 21 4 24 32 20 36 41 29 5
11 2 9 31 44 45 22 43 41 30 12 17 3 35 47 28 4 24 6 36 34 42 19 21 1 29 46 48 18 20 23 37 33 27 16 40 26 38 14 5 8 39 32 25 13 49 50 7 15 10
23 11 27 26 42 17 33 37 22 16 14 35 15 34 36 44 32 46 3 24 6 5 4 31 47 50 38 8 1 21 7 48 25 12 28 9 49 39 10 18 13 2 29 41 19 30 45 43 40 20
41 43 46 48 50 49 1 3 6 8 7 5 12 20 13 15 16 14 11 9 10 26 25 27 30 32 31 29 36 34 33 35 38 40 39 37 44 42 23 24 22 19 17 18 2 4 21 28 45 47
47 33 17 34 8 10 20 45 19 29 9 44 38 40 12 14 37 16 42 5 46 39 11 6 50 1 21 23 41 48 3 28 7 22 26 31 13 32 18 15 30 43 27 25 49 24 35 36 4 2
28 19 30 49 17 26 29 38 42 11 27 34 37 24 18 12 41 45 35 7 44 31 43 40 23 47 21 20 32 15 9 16 33 4 50 39 46 8 13 48 2 25 3 14 6 22 5 36 1 10
34 22 38 44 46 15 18 42 40 14 4 27 50 3 49 24 25 11 26 5 6 29 7 28 13 1 37 20 48 30 21 41 10 45 39 33 8 2 31 36 16 12 17 47 19 35 43 23 9 32
5 9 1 3 6 8 7 4 2 10
49 14 8 7 25 40 10 17 48 19 42 5 34 46 23 3 50 20 44 33 24 2 29 11 41 6 38 43 36 16 22 35 47 27 32 15 28 18 45 21 31 26 9 4 37 39 12 1 30 13
22 23 21 20 1 2 3 4 5 6 7 8 9 10 11 12 13 14 15 16 17 18 19 24
37 38 9 25 32 17 18 22 4 29 20 6 44 49 34 11 19 21 46 28 3 33 12 39 16 40 7 27 30 45 14 23 42 10 5 26 24 13 2 43 8 47 15 35 48 41 31 36 1 50
39 35 21 29 2 12 46 33 47 4 13 38 31 34 6 28 19 3 26 14 11 43 7 5 8 25 41 15 48 40 44 30 37 24 9 27 1 22 10 23 36 20 45 18 32 17 16 42
15 16 1 19 6 9 17 5 7 8 12 21 4 11 18 14 20 3 10 2 22 13
41 47 17 6 32 36 1 14 15 24 18 25 28 22 29 31 5 8 40 12 48 45 13 50 2 34 44 11 16 3 20 30 42 4 7 35 49 37 21 46 19 33 10 9 23 43 39 27 26 38
4 5 6 7 8 9 10 11 12 13 20 21 22 23 26 27 30 24 29 28 1 2 3 25 19 18 14 15 17 16
48 13 22 6 36 3 30 32 23 9 37 50 25 17 49 28 31 7 14 34 46 41 39 16 15 29 40 18 27 35 21 10 8 47 33 43 4 38 11 5 20 45 26 12 24 1 19 44 42 2
4 14 8 9 11 5 10 3 16 13 6 1 12 2 7 15 17 28 18 24 30 20 22 29 32 23 31 19 26 21 27 25 33 44 34 40 46 36 38 45 48 39 47 35 42 37 43 41 49 50
38 4 44 21 22 23 5 39 13 20 10 24 14 34 27 28 36 49 31 48 2 32 43 16 12 29 42 30 7 45 6 15 37 35 47 33 25 41 1 19 26 17 18 8 50 11 9 40 46 3
38 36 31 14 46 3 16 26 12 48 2 11 20 35 49 21 19 30 25 23 24 45 41 9 29 34 8 37 43 28 6 1 4 42 39 18 10 5 50 15 32 13 33 22 17 44 40 47 27 7
1 2 3 4 5 6 7 8 9 10 11 12 13 40 39 38 37 36 35 34 33 32 31 30 29 28 27 26 25 24 23 22 21 20 19 18 17 16 15 14
22 44 1 40 46 25 17 47 9 10 49 4 38 33 11 2 29 32 42 19 26 3 16 12 35 36 43 31 45 13 7 23 34 20 39 14 8 28 15 27 6 18 30 48 41 5 24 50 37 21
31 32 50 22 15 37 14 43 13 38 42 9 35 12 10 48 29 24 8 25 47 1 3 30 16 44 45 49 28 41 39 40 33 20 23 5 34 17 11 19 7 4 26 18 36 46 2 27 21 6
43 1 3 2 4 6 5 7 9 8 10 12 11 13 15 14 16 18 17 19 21 20 22 24 23 25 27 26 28 30 29 31 33 32 34 36 35 37 39 38 40 42 41 45 49 50 44 48 47 46
3 2 1 5 4 8 7 6 11 10 9 13 12 16 15 14 19 22 23 24 20 21 17 18
12 28 34 27 40 1 50 42 6 9 16 47 23 3 32 19 26 2 35 18 46 33 41 36 22 8 10 11 39 24 14 7 43 25 49 37 17 29 20 30 48 45 44 21 15 38 13 31 5 4
8 4 33 35 12 1 27 39 25 23 28 13 24 44 9 16 34 7 31 2 41 45 42 48 37 29 20 5 6 15 17 43 10 38 3 11 50 36 18 14 30 49 21 19 26 22 47 46 32 40
1 3 5 2 4 6 7 9 8 10
1 2 17 39 48 31 15 12 25 40 42 30 19 26 14 21 13 38 29 33 9 16 22 32 34 36 11 23 5 43 44 35 24 3 7 45 47 41 6 10 8 37 46 50 20 18 4 28 49 27
17 21 20 24 23 34 33 37 36 40 39 38 43 42 41 45 44 48 1 5 2 3 4 8 9 13 12 16 10 11 19 18 26 25 29 28 32 31 30 35 27 14 15 7 6 22 46 47
34 33 32 31 46 47 48 30 29 28 27 26 25 24 23 22 21 20 19 18 17 16 15 14 13 12 37 38 39 7 6 5 4 36 35 3 2 1 9 8 40 41 42 10 11 43 44 45
3 8 5 1 7 4 2 6
38 42 25 3 49 47 2 31 26 27 8 5 43 23 45 39 37 35 32 30 36 14 17 44 19 28 24 21 18 13 50 40 46 20 41 16 22 10 12 15 7 11 33 1 29 9 4 6 34 48
7 8 9 10 11 12 13 14 15 16 17 18 19 20 21 22 23 24 25 26 6 5 4 3 1 2 27 28 29 30 31 32 33 34 35 36 37 38 39 40 41 42 43 44 45 46 47 48
3 39 26 7 42 5 15 43 47 6 25 35 48 17 45 30 2 18 50 41 36 46 34 12 32 1 4 13 23 40 31 37 33 20 21 16 49 8 24 38 19 44 28 27 29 14 22 11 9 10
5 2 3 4 1 6
45 21 22 25 17 46 3 26 32 41 11 6 34 18 10 36 33 5 7 29 30 40 35 13 37 8 14 31 2 16 4 12 9 15 43 19 1 42 24 44 27 23 28 20 39 38
26 25 24 23 22 27 30 29 28 1 2 3 4 5 6 7 8 9 10 11 14 13 12 34 33 32 31 37 36 35 38 39 40 41 42 43 44 45 46 47 48 15 16 17 18 19 20 21
39 43 30 21 4 46 3 14 42 11 1 31 33 19 16 44 24 50 9 7 17 48 49 12 41 47 25 23 32 34 13 20 27 6 28 38 18 40 2 37 26 15 10 45 35 8 29 36 5 22
23 20 42 6 9 29 17 41 38 30 45 47 7 19 13 2 5 36 22 26 28 18 3 25 1 27 32 35 48 31 4 8 46 11 34 14 10 12 43 40 49 44 15 33 37 39 50 16 21 24
36 15 4 3 17 35 27 34 49 8 18 1 26 33 47 16 9 29 13 32 40 24 2 50 42 48 12 5 46 37 22 19 39 25 11 38 41 45 6 30 23 10 44 14 43 20 7 21 31 28
1 4 2 3
20 22 8 17 9 2 5 10 4 1 15 12 26 13 14 24 25 23 18 16 19 11 6 3 7 21
48 17 29 39 9 42 12 16 37 8 5 4 28 36 46 3 11 1 25 32 47 23 13 6 2 18 33 7 41 30 15 26 40 31 35 22 44 38 50 45 10 19 14 20 43 49 24 34 27 21
43 48 49 19 38 41 47 13 23 25 18 20 16 33 28 32 30 15 11 39 44 50 12 21 9 17 2 42 8 14 10 45 46 29 36 31 34 7 5 1 6 40 37 35 24 4 26 22 3 27
28 2 43 6 13 42 11 46 1 30 17 33 12 25 20 32 3 19 21 26 37 14 22 50 16 49 18 44 8 23 34 7 10 39 45 35 9 47 41 27 4 40 29 5 36 15 31 38 24 48
11 26 15 46 23 8 43 7 37 36 38 2 4 1 24 45 25 21 6 32 44 30 3 22 5 35 14 9 18 19 12 48 42 50 27 49 17 34 47 10 40 33 20 13 16 39 28 31 29 41
21 17 26 41 3 13 48 44 9 12 36 28 40 27 30 19 18 7 37 4 38 47 45 50 35 23 46 8 22 29 31 39 6 34 16 49 24 14 5 10 33 32 2 1 20 11 25 42 43 15
24 32 29 30 18 38 33 46 16 8 11 40 9 12 10 45 31 39 4 23 7 41 34 42 15 17 26 2 14 49 35 36 1 21 6 44 37 50 22 47 43 48 13 25 20 28 27 3 5 19
18 17 21 20 24 23 22 6 11 19 14 15 16 12 13 9 10 31 32 28 29 25 26 27 46 47 39 40 36 37 33 34 35 30 38 43 42 41 45 44 48 1 5 4 8 7 2 3
3 16 8 11 19 9 26 24 7 1 4 17 13 14 20 18 22 21 12 6 15 2 25 5 10 23
1 2 3 5 6 7 4 8 11 9 10 13 14 15 12 16 19 17 18 21 22 23 20 24 27 25 26 29 30 31 28 32 35 33 34 37 38 39 36 40 43 41 42 45 46 47 44 48
5 3 16 14 17 1 8 18 9 2 13 6 7 10 11 4 12 15
8 12 42 26 18 44 33 34 4 25 43 21 13 20 32 30 35 16 23 19 28 37 31 14 49 22 24 9 5 48 2 41 1 45 11 47 17 29 7 40 38 36 27 46 15 6 39 10 50 3
35 34 40 39 47 46 50 49 36 43 27 33 17 21 20 38 7 8 2 3 22 15 26 24 25 42 44 37 41 31 32 19 28 18 48 45 14 16 11 30 23 29 12 13 5 6 4 9 1 10
38 37 36 12 11 10 40 39 9 8 7 41 42 43 5 6 48 47 1 2 26 25 24 23 22 28 27 21 20 19 29 30 18 17 16 34 35 13 14 15 33 32 31 3 4 46 45 44
50 38 4 5 27 20 47 29 42 23 25 12 18 17 2 16 35 3 10 7 22 48 30 11 40 19 13 32 41 1 49 24 44 8 43 33 45 9 34 37 39 36 28 31 15 6 14 21 26 46
5 6 7 21 1 2 12 8 10 16 3 4 15 17 14 19 49 44 47 36 37 45 43 18 9 13 11 22 23 24 34 33 50 41 40 42 32 29 28 39 38 35 27 26 46 31 25 30 20 48
1 5 3 4 2 6
12 44 38 42 10 3 21 2 48 18 15 1 25 22 45 13 11 14 35 24 16 33 32 5 31 49 46 9 37 17 36 30 29 4 50 28 43 6 47 39 8 34 26 27 41 19 20 23 7 40
1 2 3 6 7 4 5 8
50 2 1 46 45 44 43 42 41 40 39 38 37 36 35 34 33 32 31 30 29 28 27 26 25 24 23 22 21 20 19 18 17 16 15 14 13 12 11 10 9 8 7 6 5 4 3 47 48 49
25 14 31 1 12 21 2 6 4 33 13 17 26 18 27 29 36 9 10 22 5 23 24 7 30 19 3 28 34 8 15 11 20 35 16 32
19 42 9 28 21 39 47 23 10 17 16 2 15 33 24 44 34 1 22 43 18 27 31 36 29 46 5 12 11 8 32 3 37 48 41 25 4 26 40 30 35 6 14 20 45 7 38 13
20 27 31 22 32 25 26 3 19 38 15 24 23 33 6 41 18 21 16 45 12 36 29 48 47 35 10 39 50 43 46 14 37 8 1 7 40 49 34 44 2 4 17 30 5 42 11 9 13 28
6 5 4 18 17 16 1 2 3 12 11 10 9 8 7 13 14 15
40 9 1 3 48 50 49 42 43 47 46 45 34 35 41 38 39 36 44 33 32 30 31 37 27 28 29 19 21 24 16 20 23 26 18 7 13 22 17 11 14 15 12 8 10 5 2 6 4 25
19 20 3 15 17 32 38 1 4 29 8 30 2 37 49 22 13 25 21 12 35 11 40 33 50 45 34 44 18 42 31 47 27 16 23 14 46 43 39 28 5 48 36 7 24 10 6 9 26 41
6 34 40 16 27 41 45 24 29 36 5 10 33 12 38 47 2 49 1 28 8 3 9 31 48 20 35 15 30 43 14 44 32 13 50 7 19 39 4 22 42 25 11 21 26 17 37 23 46 18
30 23 45 1 33 4 28 20 18 39 38 2 31 34 43 41 16 32 8 25 13 6 46 37 14 40 29 35 42 36 24 44 10 19 7 17 9 5 21 11 12 3 15 27 22 26
40 11 10 24 44 14 36 28 15 25 43 30 13 22 4 35 42 16 1 26 38 17 8 46 18 12 20 6 45 29 37 2 23 33 7 31 41 3 39 19 21 9 32 34 5 27
6 33 7 48 47 43 40 21 13 45 29 16 22 24 19 31 41 50 8 12 17 38 49 46 42 39 30 11 32 34 18 25 28 23 14 44 20 3 9 26 2 37 36 5 4 15 35 1 10 27
26 32 8 23 12 46 31 1 13 43 39 24 5 2 4 15 25 34 30 6 19 37 47 36 38 50 22 40 3 33 41 9 21 17 35 29 7 14 11 28 49 48 45 10 18 20 16 27 44 42
16 3 8 11 19 9 26 24 7 1 4 17 13 14 20 18 22 21 12 6 15 2 25 5 10 23
7 19 30 4 9 12 5 2 17 22 23 10 21 15 13 26 24 1 16 25 18 11 14 3 27 8 6 29 28 20
20 21 19 29 30 28 39 37 38 2 3 1 12 10 11 5 6 4 14 15 13 23 24 22 32 33 31 42 40 41 8 9 7 17 18 16 26 27 25 36 35 34 44 43
21 7 33 38 30 11 50 14 42 10 37 20 6 34 1 35 12 32 2 9 15 4 28 43 40 5 22 26 3 44 29 23 41 24 25 17 39 31 18 46 16 19 8 36 45 13 49 48 27 47
34 28 46 43 16 19 17 37 24 33 13 14 10 15 2 4 31 3 26 38 50 49 25 21 18 7 36 11 6 22 32 35 20 44 29 41 42 5 39 23 12 47 27 48 8 1 45 9 40 30
1 15 25 10 18 34 11 23 42 21 35 13 16 50 33 28 24 2 36 46 37 20 14 7 29 45 27 43 47 4 6 49 12 5 22 3 9 19 32 48 40 39 17 8 44 41 30 38 31 26
7 33 49 48 4 2 42 41 9 16 37 32 44 36 21 20 45 18 15 28 50 35 40 5 6 23 14 38 3 43 19 12 10 29 26 1 47 13 39 22 25 46 17 24 34 8 31 27 11 30
18 17 16 15 14 13 12 11 10 38 37 36 35 34 22 4 24 25 26 33 32 31 43 44 45 46 47 9 8 7 2 1 3 23 5 6 40 41 42 27 28 29 30 39 19 20 21 50 49 48
47 16 42 17 45 31 6 48 7 39 11 2 46 9 34 12 35 33 28 8 24 10 18 22 15 21 38 13 30 36 32 20 14 49 19 5 50 27 3 43 41 37 44 1 29 26 4 23 25 40
27 9 15 33 40 10 41 28 23 7 1 16 34 24 29 18 11 8 38 2 21 35 20 32 36 14 46 31 25 26 3 30 43 19 47 12 22 6 39 4 44 42 37 5 13 17 45 48
30 31 18 19 20 21 13 9 16 15 14 10 11 12 4 3 2 1 8 7 6 5 17 24 23 22 38 39 40 32 25 26 27 28 29 33 37 36 35 34 47 46 42 43 44 45 41 48
11 7 2 28 1 26 31 16 32 23 20 12 30 25 15 8 5 14 22 27 6 21 13 17 4 19 24 3 9 18 29 10
1 2 3 26 18 16 17 28 50 48 19 14 15 44 46 45 20 12 13 41 43 42 21 10 11 38 40 39 22 8 9 35 37 36 23 6 7 32 34 33 24 4 5 29 31 30 25 27 47 49
3 1 4 2 6 8 5 7 10 11 9 12 13 15 14 16
1 22 10 2 13 4 24 8 20 3 18 15 9 14 7 11 5 23 26 6 25 12 16 19 21 17
